2388521
2388522
2388523
2388526
2388527
2388529
2388530
2388531
2388661
2388662
2388664
2388666
2388667
2388668
2388680
2388681
2388982
2388987
2388988
2388995
2388996
2388997
2388998
2388999
2389823
2389824
2389825
2389826
2389827
2389828
2389829
2389830
2390791
2390794
2390799
2390802
2390812
2390816
2390818
2390819
2390997
2391000
2391005
2391008
2391009
2391012
2391013
2391014
2391015
2391057
2391058
2391063
2391072
2391281
2391282
2391283
2391284
2391286
2391287
2391288
2391289
2391290
2391291
2391610
2391611
2391612
2391613
2391614
2391615
2391616
2391617
